"Time","R","P","S"
0,0.341841491841492,0.327855477855478,0.33030303030303
1,0.342989840348331,0.32510885341074,0.331901306240929
2,0.345337768092671,0.320564284895057,0.334097947012272
3,0.344463971880492,0.319746017347922,0.335790010771586
4,0.343649946638207,0.318317137561085,0.338032915800708
5,0.34410635812427,0.316626800912277,0.339266840963453
6,0.341887971434948,0.314159785762107,0.343952242802946
7,0.341299928575353,0.310916982583375,0.347783088841272
8,0.339857456140351,0.313212719298246,0.346929824561404
9,0.337930279647567,0.31264707491928,0.349422645433153
10,0.335505239724168,0.312428734321551,0.352066025954281
11,0.333261327428849,0.310255440946158,0.356483231624993
12,0.332814763156483,0.308781717719006,0.35840351912451
13,0.330326643894108,0.308977369769428,0.360695986336465
14,0.328786176643663,0.311774461028192,0.359439362328144
15,0.327076464957992,0.312028076145911,0.360895458896097
16,0.32527437569588,0.315306717565347,0.359418906738773
17,0.322194066096505,0.318551367331855,0.35925456657164
18,0.319850423974298,0.321535787644178,0.358613788381524
19,0.319103129594623,0.321728628439403,0.359168241965974
20,0.314169997896066,0.328318956448559,0.357511045655376
21,0.311562549339508,0.332193042471449,0.356244408189043
22,0.309258870459794,0.335607810203653,0.355133319336553
23,0.307821346194171,0.33911721534913,0.3530614384567
24,0.307896241617716,0.342828923428809,0.349274834953475
25,0.305819167796433,0.345239336740015,0.348941495463552
26,0.305771336218133,0.345550284135342,0.348678379646525
27,0.305529570730693,0.347936804905935,0.346533624363372
28,0.305069793990971,0.350526698147476,0.344403507861554
29,0.303464011615847,0.354646338933831,0.341889649450322
30,0.304609322341474,0.354954114170166,0.34043656348836
31,0.302838304229125,0.35620460516149,0.340957090609385
32,0.303767580330562,0.357920131403347,0.338312288266092
33,0.302423495584309,0.358184432121586,0.339392072294106
34,0.301003344481605,0.358271160277849,0.340725495240545
35,0.299413218035825,0.358142886555487,0.342443895408688
36,0.299538698103537,0.358534085084572,0.341927216811891
37,0.301916607197472,0.356305433785299,0.341777959017229
38,0.301091168672242,0.357026310422191,0.341882520905568
39,0.302944017898002,0.354756699038999,0.342299283062999
40,0.306105903217634,0.354345072206739,0.339549024575627
41,0.308344263949147,0.350973665624054,0.340682070426798
42,0.309543065103114,0.352102709260008,0.338354225636878
43,0.312767996771427,0.34893810220451,0.338293901024063
44,0.313661476644902,0.348267202410849,0.338071320944249
45,0.314798025586783,0.344514959202176,0.340687015211041
46,0.318296117481392,0.342536712935023,0.339167169583585
47,0.321809045226131,0.341557788944724,0.336633165829146
48,0.32637324119974,0.340093135045816,0.333533623754444
49,0.327823691460055,0.340896568995743,0.331279739544202
50,0.331809045226131,0.337638190954774,0.330552763819095
51,0.335532893421316,0.336732653469306,0.327734453109378
52,0.337883618971702,0.337036667995217,0.325079713033081
53,0.340269461077844,0.336776447105788,0.322954091816367
54,0.34338099745902,0.334163718798266,0.322455283742713
55,0.344073761959054,0.335250086749616,0.32067615129133
56,0.347221534959671,0.334949774852788,0.31782869018754
57,0.349736815969808,0.335683781904856,0.314579402125335
58,0.34874053545801,0.336813975355075,0.314445489186915
59,0.347765778262162,0.337412067769741,0.314822153968097
60,0.347851851851852,0.339358024691358,0.31279012345679
61,0.34823238566131,0.340815822002472,0.310951792336218
62,0.350125448910316,0.339991144782801,0.309883406306882
63,0.349078908481923,0.341000886612156,0.309920204905921
64,0.348971152899478,0.340110268780152,0.31091857832037
65,0.348226600985222,0.34064039408867,0.311133004926108
66,0.347625362212072,0.341584401551987,0.310790236235941
67,0.348083896893071,0.341076154072332,0.310839949034598
68,0.347560975609756,0.339348937844217,0.313090086546027
69,0.34589158695119,0.339072847682119,0.315035565366691
70,0.343254260596238,0.339472520996022,0.31727321840774
71,0.342257810964826,0.339899783847514,0.31784240518766
72,0.341017449004669,0.337576800196609,0.321405750798722
73,0.34303442162801,0.332988624612203,0.323976953759787
74,0.341823914864266,0.331576094989407,0.326599990146327
75,0.341586111659104,0.330538567764845,0.327875320576051
76,0.342689423835833,0.328186661404893,0.329123914759274
77,0.341294907224635,0.32757599684169,0.331129095933676
78,0.341083743842365,0.326502463054187,0.332413793103448
79,0.340697103583702,0.324300441826215,0.335002454590083
80,0.342000295464618,0.323533756832619,0.334465947702763
81,0.343706981317601,0.321927236971485,0.334365781710914
82,0.341431030243423,0.32003934103762,0.338529628718957
83,0.341462215448154,0.319091400757166,0.33944638379468
84,0.342346763507877,0.317269470481425,0.340383766010698
85,0.34302496328928,0.313852178169359,0.343122858541361
86,0.345905488699736,0.311809020643773,0.342285490656492
87,0.345331450002435,0.308119429155911,0.346549120841654
88,0.345777561450475,0.306449257726941,0.347773180822585
89,0.344453670688224,0.305524349142773,0.350021980169003
90,0.345319885007065,0.303123325049944,0.351556789942991
91,0.34621922199019,0.301102423388859,0.352678354620951
92,0.348075706709483,0.29810733226293,0.353816961027587
93,0.348506193830459,0.297643915472431,0.35384989069711
94,0.350094922844765,0.295283064790926,0.354622012364309
95,0.349498570805678,0.296739499055278,0.353761930139044
96,0.350994338800987,0.293898485508298,0.355107175690715
97,0.353017928768182,0.2930942830909,0.353887788140917
98,0.354348139948987,0.292795610953366,0.352856249097647
99,0.354505240888547,0.293874411001058,0.351620348110395
100,0.353431254514809,0.294919335420178,0.351649410065013
101,0.351576413959085,0.296847172081829,0.351576413959085
102,0.350511994615643,0.297822220085573,0.351665785298784
103,0.349644299173236,0.298259950009614,0.352095750817151
104,0.348698455468412,0.300485974113458,0.35081557041813
105,0.349041648652544,0.302445116971706,0.348513234375751
106,0.347312859884837,0.305278310940499,0.347408829174664
107,0.344900509468423,0.308660963183697,0.34643852734788
108,0.343925502808045,0.309604953679259,0.346469543512696
109,0.343320188515918,0.311916899105511,0.344762912378571
110,0.341025146931304,0.314722034878119,0.344252818190577
111,0.339161007561528,0.317102538168858,0.343736454269614
112,0.336363636363636,0.321067821067821,0.342568542568543
113,0.333317277587785,0.325080680121381,0.341602042290834
114,0.329651779685541,0.330375229092312,0.339972991222147
115,0.327241163138352,0.332545691276462,0.340213145585186
116,0.324690942325268,0.335032950117851,0.340276107556881
117,0.320672058540343,0.340554592720971,0.338773348738687
118,0.318214681640719,0.344965537186099,0.336819781173182
119,0.315370896997156,0.349303513761026,0.335325589241818
120,0.312376642757425,0.352765609204256,0.334857748038319
121,0.310947917673205,0.35554159822205,0.333510484104744
122,0.308484907120743,0.358455882352941,0.333059210526316
123,0.307495040402574,0.360332897856486,0.33217206174094
124,0.304071308118526,0.364297759576006,0.331630932305469
125,0.301627817376228,0.367414756308996,0.330957426314776
126,0.299063163994591,0.370822870388256,0.330113965617153
127,0.296689508734678,0.374819032911881,0.328491458353441
128,0.293412015091419,0.377720808745284,0.328867176163297
129,0.291278086494322,0.38134815172747,0.327373761778207
130,0.289515545914678,0.383947939262473,0.326536514822849
131,0.288507023217647,0.385914949075638,0.325578027706714
132,0.287280069224113,0.38645322565138,0.326266705124507
133,0.284683124007507,0.389153553726962,0.326163322265531
134,0.284455359722624,0.390397765578349,0.325146874699027
135,0.283187120408753,0.393136026221922,0.323676853369324
136,0.2821216938864,0.394083923495688,0.323794382617912
137,0.284520034592101,0.39266839627174,0.322811569136158
138,0.285139215028514,0.392198207696363,0.322662577275123
139,0.285084989226718,0.392769930572181,0.322145080201101
140,0.286509307234696,0.39186336595663,0.321627326808674
141,0.28676329429833,0.393021693223267,0.320215012478403
142,0.28838573214114,0.392750697048361,0.318863570810499
143,0.289770816316725,0.39273530966223,0.317493874021045
144,0.293495505023797,0.390942743137349,0.315561751838854
145,0.296483136350533,0.388632651100221,0.314884212549246
146,0.299069924340996,0.386583779094983,0.314346296564021
147,0.300356077374651,0.387065729958618,0.312578192666731
148,0.30003374957813,0.389904054770744,0.310062195651126
149,0.301987583618076,0.388709755041147,0.309302661340777
150,0.304063161948777,0.387685345657616,0.308251492393607
151,0.304934890202297,0.390370477151506,0.304694632646197
152,0.308748923135828,0.38987269072461,0.301378386139562
153,0.309933394029422,0.389429297043462,0.300637308927117
154,0.312178717271199,0.389430699015133,0.298390583713668
155,0.31431316042267,0.389529298751201,0.296157540826129
156,0.315450127508059,0.389693499494779,0.294856372997161
157,0.317542846139033,0.388648180242634,0.293808973618332
158,0.318792590459737,0.388233035799981,0.292974373740282
159,0.322551187157551,0.387051811977314,0.290397000865135
160,0.326026477359939,0.384976976208749,0.288996546431312
161,0.328968824940048,0.384892086330935,0.286139088729017
162,0.329956515506284,0.384813876809863,0.285229607683853
163,0.334499784286468,0.382388188485691,0.283112027227841
164,0.335713943344677,0.382830848871207,0.281455207784115
165,0.337678520080514,0.383878079171859,0.278443400747628
166,0.341722997267367,0.380842801668345,0.277434201064289
167,0.342999568614293,0.379475626707568,0.277524804678138
168,0.346137246439361,0.378266916031266,0.275595837529372
169,0.349844162071446,0.374634380244546,0.275521457684009
170,0.35278030993619,0.372930960034544,0.274288730029266
171,0.353921286986498,0.371014076414823,0.275064636598679
172,0.35605879255039,0.369895150093359,0.27404605735625
173,0.359047892170921,0.368750597457222,0.272201510371857
174,0.361408882082695,0.366864471669219,0.271726646248086
175,0.362035882183632,0.365489782212415,0.272474335603953
176,0.364015333013896,0.362098706276953,0.273885960709152
177,0.366218164344065,0.360643921191735,0.2731379144642
178,0.367924981966819,0.357730223611445,0.274344794421736
179,0.368529821694622,0.354976690536839,0.276493487768539
180,0.370548604427334,0.350577478344562,0.278873917228104
181,0.37248306021433,0.348166658657312,0.279350281128358
182,0.373183714573443,0.347479978899918,0.279336306526639
183,0.375263966212325,0.342916106738338,0.281819927049338
184,0.377398311588642,0.339169224865695,0.283432463545664
185,0.37763316461798,0.338009158833454,0.284357676548566
186,0.380576923076923,0.333461538461538,0.285961538461538
187,0.379952932135824,0.332068584602084,0.287978483262091
188,0.380071140165353,0.330417227456258,0.289511632378389
189,0.379839018781142,0.328717899578383,0.291443081640475
190,0.38199653779573,0.324293133294864,0.293710328909406
191,0.381895060541995,0.322602344801076,0.295502594656929
192,0.381763238679969,0.319359171143515,0.298877590176516
193,0.383694659424122,0.315723693698024,0.300581646877854
194,0.383961176244474,0.31227176628868,0.303767057466846
195,0.385524230344364,0.308966908409779,0.305508861245858
196,0.385908457807022,0.307766197588973,0.306325344604006
197,0.38496954582514,0.305644813198408,0.309385640976452
198,0.384571182301393,0.303069482354068,0.312359335344539
199,0.383203106274867,0.302430372465366,0.314366521259767
200,0.382482310193154,0.299674890036336,0.317842799770511
201,0.381897502277194,0.2976652763795,0.320437221343305
202,0.379148732663797,0.299139167862267,0.321712099473936
203,0.378518093049971,0.29599846831323,0.325483438636799
204,0.376004592422503,0.296785304247991,0.327210103329506
205,0.374778570402643,0.296021448748025,0.329199980849332
206,0.373187361951407,0.295832132910785,0.330980505137809
207,0.372697099427582,0.294675068545866,0.332627832026552
208,0.370803270803271,0.294227994227994,0.334968734968735
209,0.370727726574501,0.294498847926267,0.334773425499232
210,0.368145587246711,0.29530394698934,0.336550465763949
211,0.367766412140422,0.294866253661816,0.337367334197762
212,0.367647058823529,0.294884077409465,0.337468863767005
213,0.365933014354067,0.29555023923445,0.338516746411483
214,0.365310821181888,0.295424021488872,0.33926515732924
215,0.363208000769305,0.296374651408789,0.340417347821906
216,0.363864008475392,0.295579312337475,0.340556679187133
217,0.363041700735895,0.295127699485354,0.34183059977875
218,0.360892514395393,0.296449136276392,0.342658349328215
219,0.356726554597563,0.298155194836472,0.345118250565965
220,0.357132547510224,0.298628818859755,0.344238633630022
221,0.354206869934388,0.299498263218834,0.346294866846777
222,0.351106397338861,0.30067974738466,0.348213855276479
223,0.34986040242611,0.300375469336671,0.34976412823722
224,0.346619285439877,0.302247406838264,0.351133307721859
225,0.343981526027134,0.303906475512364,0.352111998460502
226,0.34315799596115,0.304163861909799,0.352678142129051
227,0.341010722700389,0.304851661297303,0.354137616002308
228,0.340558465900899,0.305329937040419,0.354111597058682
229,0.336650717703349,0.3088995215311,0.35444976076555
230,0.33485226400614,0.308854566385265,0.356293169608596
231,0.332564509153813,0.31017250492528,0.357262985920907
232,0.330032686021919,0.311430494135743,0.358536819842338
233,0.328351058733353,0.313452141419948,0.358196799846699
234,0.326798638738436,0.315199156401285,0.358002204860279
235,0.326187050359712,0.316882494004796,0.356930455635492
236,0.324415197655987,0.318603199000913,0.3569816033431
237,0.324161816345183,0.319351580162586,0.356486603492231
238,0.322261212325145,0.320867182617892,0.356871605056963
239,0.322113766408617,0.32317161129009,0.354714622301293
240,0.321997210063014,0.324931454134398,0.353071335802588
241,0.321777179400875,0.327595326248978,0.350627494350147
242,0.320644850818094,0.329499518768046,0.349855630413859
243,0.320053758279735,0.330757415762696,0.349188825957569
244,0.319689044579874,0.334373050530256,0.34593790488987
245,0.320668400269672,0.332803621304055,0.346527978426274
246,0.320177554762134,0.337161053748914,0.342661391488951
247,0.320704760987821,0.338612622153757,0.340682616858422
248,0.323245952197379,0.339533538936006,0.337220508866615
249,0.321961106017469,0.342324952950828,0.335713941031704
250,0.32287840711386,0.343707713125846,0.333413879760294
251,0.32253242682868,0.346207628140219,0.331259945031101
252,0.323465703971119,0.34748495788207,0.329049338146811
253,0.323536485641445,0.349319351580163,0.327144162778392
254,0.323219187978616,0.352068583538024,0.32471222848336
255,0.323136952647045,0.355363938532685,0.321499108820271
256,0.323056171114751,0.359090471143655,0.317853357741594
257,0.323267948594067,0.36095274905788,0.315779302348053
258,0.320922156843831,0.364714960933732,0.314362882222437
259,0.321626172720712,0.367235987490979,0.311137839788309
260,0.320727482678984,0.368697074672825,0.310575442648191
261,0.320303860762537,0.370065868551373,0.309630270686091
262,0.32153165287666,0.370887050221281,0.307581296902059
263,0.323285172562761,0.372437959007344,0.304276868429895
264,0.324354172668779,0.373235378853356,0.302410448477864
265,0.327132900745013,0.373996635424177,0.29887046383081
266,0.328845506563447,0.374332836466798,0.296821656969755
267,0.332836395113975,0.375541021448495,0.29162258343753
268,0.335394793614267,0.376288412675584,0.288316793710149
269,0.339223123829644,0.37561818792913,0.285158688241225
270,0.340922162576687,0.373993481595092,0.285084355828221
271,0.34204960584503,0.37372620649875,0.28422418765622
272,0.343947822750815,0.373633224630731,0.282418952618454
273,0.34648493543759,0.372070779531325,0.281444285031086
274,0.349261886503067,0.369392254601227,0.281345858895706
275,0.352004234637409,0.368124729320052,0.279871036042539
276,0.354223563796656,0.365435292990274,0.280341143213071
277,0.354872678537239,0.364732912119472,0.280394409343289
278,0.356741977262916,0.362881949441167,0.280376073295918
279,0.358728167519058,0.360658110585738,0.280613721895204
280,0.36308579668349,0.35803893294881,0.2788752703677
281,0.364944596344798,0.35626229193649,0.278793111718713
282,0.366600933096051,0.354768890385263,0.278630176518686
283,0.369304787106086,0.350300697618475,0.280394515275439
284,0.371791173925584,0.347514662051726,0.28069416402269
285,0.374184574059862,0.344781273983116,0.281034151957022
286,0.376780901039661,0.341836734693878,0.281382364266461
287,0.379237185978109,0.339408843242201,0.28135397077969
288,0.380657844265439,0.337696586114308,0.281645569620253
289,0.381394903238168,0.335313278405825,0.283291818356007
290,0.383986615678776,0.332934990439771,0.283078393881453
291,0.384873145045476,0.332503590234562,0.282623264719962
292,0.385897681548189,0.332247557003257,0.281854761448553
293,0.388513351550889,0.328826885277338,0.282659763171772
294,0.391129994748651,0.327636415715854,0.281233589535494
295,0.393029362616376,0.326378610646932,0.280592026736691
296,0.394252378903075,0.325826041218381,0.279921579878544
297,0.395758533199291,0.323711044090191,0.280530422710517
298,0.396751628976619,0.321100038328862,0.282148332694519
299,0.397937649880096,0.319952038369305,0.2821103117506
300,0.399308556611927,0.319024296552386,0.281667146835686
301,0.402224147891392,0.315376468322742,0.282399383785866
302,0.40341100168148,0.313860196973337,0.282728801345184
303,0.40488622754491,0.311664670658683,0.283449101796407
304,0.405509165946828,0.309290718878971,0.285200115174201
305,0.407048967210747,0.30795897732197,0.284992055467283
306,0.405884608012268,0.306881349434541,0.287234042553192
307,0.406351791530945,0.306332630772179,0.287315577696877
308,0.40775022780682,0.303870317970361,0.288379454222819
309,0.408871977651479,0.302812831133802,0.288315191214719
310,0.409139111153957,0.300925479610527,0.289935409235515
311,0.409594985535198,0.3,0.290405014464802
312,0.40786560123231,0.299701550014441,0.292432848753249
313,0.40795492849232,0.298695045023354,0.293350026484326
314,0.406994619523444,0.29924096848578,0.293764411990776
315,0.408061420345489,0.298080614203455,0.293857965451056
316,0.409047206999327,0.295740794154408,0.295211998846265
317,0.407814525032401,0.295060720971536,0.297124753996064
318,0.406779661016949,0.294713592932251,0.298506746050799
319,0.404396972890124,0.293466807165437,0.302136219944439
320,0.403734737850132,0.290687096001915,0.305578166147953
321,0.403095203871401,0.289684250874419,0.30722054525418
322,0.401114473747418,0.289090647067301,0.309794879185281
323,0.399346907414522,0.286496350364964,0.314156742220515
324,0.398269646719539,0.284546983898101,0.31718336938236
325,0.396709323583181,0.281968632733571,0.321322043683248
326,0.396153846153846,0.279663461538462,0.324182692307692
327,0.39549436795995,0.278376817175315,0.326128814864735
328,0.391904235373299,0.278063554636796,0.330032209989904
329,0.391766971593645,0.274963890226288,0.333269138180067
330,0.390490886295689,0.273507570643264,0.336001543061047
331,0.388499975860571,0.271616858977454,0.339883165161976
332,0.386099086099086,0.27046657046657,0.343434343434343
333,0.383501683501684,0.268831168831169,0.347667147667148
334,0.381078606197889,0.268398477035038,0.350522916767073
335,0.378397883088766,0.269569401010344,0.35203271590089
336,0.376319722315962,0.269054620835945,0.354625656848093
337,0.374505261125591,0.267883000289603,0.357611738584805
338,0.371480910142692,0.266197454685692,0.362321635171616
339,0.369100366018108,0.264351762666153,0.366547871315739
340,0.367217524980784,0.264411990776326,0.36837048424289
341,0.364156293555054,0.264189936079204,0.371653770365742
342,0.36097889321602,0.264387710947642,0.374633395836338
343,0.358931150698122,0.265671641791045,0.375397207510833
344,0.355549116198203,0.266685984738723,0.377764899063073
345,0.354122417455107,0.267715775246187,0.378161807298706
346,0.350375505488157,0.269015983054111,0.380608511457732
347,0.34667181541729,0.270647294492446,0.382680890090264
348,0.341030967679598,0.272187062176917,0.386781970143485
349,0.338185836456231,0.273998270394926,0.387815893148842
350,0.335462798405303,0.275133291704693,0.389403909890004
351,0.333397516125927,0.275392317319727,0.391210166554347
352,0.328923313768883,0.279659386125277,0.39141730010584
353,0.324582453445959,0.282203877903628,0.393213668650413
354,0.32187320436698,0.282991764029879,0.395135031603141
355,0.319996161965074,0.284062559969296,0.39594127806563
356,0.316261879619852,0.28530287030815,0.398435250071998
357,0.313142967022402,0.286607057013749,0.40024997596385
358,0.30915205380735,0.29084794619265,0.4
359,0.304807692307692,0.292211538461538,0.402980769230769
360,0.3019422622777,0.293363535592077,0.404694202130223
361,0.299637243047158,0.295671100362757,0.404691656590085
362,0.29820076214365,0.297670155805316,0.404129082051035
363,0.294347448635092,0.300954953216938,0.40469759814797
364,0.293146477250912,0.3044250335957,0.402428489153388
365,0.292578725038402,0.308467741935484,0.398953533026114
366,0.293144660101348,0.309733244095994,0.397122095802658
367,0.291457766318101,0.31256267010457,0.395979563577329
368,0.28968330134357,0.315690978886756,0.394625719769674
369,0.289381507605201,0.317835036706492,0.392783455688307
370,0.289242300485274,0.321818094460193,0.388939605054533
371,0.290826347305389,0.323544910179641,0.38562874251497
372,0.292672413793103,0.324712643678161,0.382614942528736
373,0.294382668711656,0.325728527607362,0.379888803680982
374,0.296026108658092,0.328421961988865,0.375551929353043
375,0.29514656415185,0.332244113407016,0.372609322441134
376,0.294781314513419,0.334725622929569,0.370493062557012
377,0.293662242738988,0.336747451432968,0.369590305828044
378,0.293689204082611,0.338588336767454,0.367722459149935
379,0.295206659012629,0.339934940681209,0.364858400306162
380,0.295144702224348,0.344989237024635,0.359866060751017
381,0.295858271486713,0.346660282499402,0.357481446013886
382,0.297301190933538,0.349500576258164,0.353198232808298
383,0.297480526973747,0.353207039138379,0.349312433887874
384,0.298088009223674,0.356072252113759,0.345839738662567
385,0.29810975903035,0.359338175171949,0.342552065797701
386,0.298103241296519,0.3631212484994,0.338775510204082
387,0.299315494710641,0.365659853525442,0.335024651763917
388,0.299388028303691,0.367613310384395,0.332998661311914
389,0.298902579899885,0.372112052368117,0.328985367731998
390,0.298653019842611,0.375512962873558,0.325834017283831
391,0.30162703379224,0.378646384904207,0.319726581303553
392,0.302944015444015,0.381274131274131,0.315781853281853
393,0.305404494922759,0.381972183454449,0.312623321622792
394,0.306291550245688,0.384719144426245,0.308989305328066
395,0.307855319558831,0.386456677744064,0.305688002697105
396,0.309226089895235,0.389320716458263,0.301453193646502
397,0.310473332688026,0.392024005420579,0.297502661891395
398,0.3112742730171,0.393681769877307,0.295043957105594
399,0.311789635908303,0.396696204970141,0.291514159121557
400,0.312207591761925,0.397192880914484,0.29059952732359
401,0.312303449610528,0.399245246504427,0.288451303885045
402,0.315200153779615,0.399010043731078,0.285789802489308
403,0.316324074519809,0.39816107447167,0.285514851008521
404,0.31900091791874,0.397555437460747,0.283443644620513
405,0.317860066451582,0.398950257620263,0.283189675928155
406,0.318190540151588,0.398973424158112,0.2828360356903
407,0.318665006703697,0.399444550852327,0.281890442443976
408,0.321102670679853,0.395489943146529,0.283407386173618
409,0.323220704529116,0.393961179007908,0.282818116462976
410,0.326444900491576,0.392163413353696,0.281391686154727
411,0.328479041916168,0.390610778443114,0.280910179640719
412,0.329314963643322,0.390499425947187,0.280185610409491
413,0.333428953910882,0.387598011091987,0.278973034997131
414,0.33650581089483,0.384332105791764,0.279162083313406
415,0.339721170890624,0.381689263642026,0.27858956546735
416,0.343178554332216,0.376926759214935,0.279894686452848
417,0.345945945945946,0.373307821095432,0.280746232958622
418,0.346987720644666,0.370922870299309,0.282089409056025
419,0.352085028965385,0.365346866471968,0.282568104562647
420,0.355207188261722,0.361659417865507,0.283133393872772
421,0.357643691867398,0.35940853803959,0.282947770093012
422,0.358911954187545,0.357003101884992,0.284084943927464
423,0.35938098888463,0.354733614411652,0.285885396703718
424,0.362046663153356,0.350596464331912,0.287356872514732
425,0.365044353871973,0.347446655478303,0.287508990649724
426,0.367753710196436,0.343691465347486,0.288554824456078
427,0.367988464311464,0.342658014900264,0.289353520788272
428,0.369591317293378,0.340825049224415,0.289583633482207
429,0.372255057421556,0.338522896545096,0.289222046033348
430,0.374777975133215,0.335701598579041,0.289520426287744
431,0.375509225976516,0.333956386292835,0.290534387730649
432,0.377563733946713,0.332279087598237,0.290157178455051
433,0.379583033788641,0.328780254013899,0.29163671219746
434,0.379885332059245,0.326373626373626,0.293741041567129
435,0.3805838230376,0.32315703979743,0.296259137164971
436,0.383060864591774,0.31943186692722,0.297507268481007
437,0.38310234795447,0.317902557508215,0.298995094537315
438,0.383364334430295,0.316068107025326,0.300567558544379
439,0.383067016455998,0.312807059384689,0.304125924159313
440,0.382483423174164,0.309783904975433,0.307732671850403
441,0.381728654747108,0.307629792523186,0.310641552729706
442,0.381148325358852,0.305502392344498,0.313349282296651
443,0.382399387471886,0.305594104416902,0.312006508111212
444,0.378710141452889,0.306065691680652,0.315224166866459
445,0.376560631427888,0.304998804113848,0.318440564458264
446,0.374382582841797,0.303457536085935,0.322159881072268
447,0.371890129907483,0.30358084463832,0.324529025454197
448,0.36973419057672,0.303473754917954,0.326792054505326
449,0.368106375854977,0.302960730855694,0.328932893289329
450,0.366247670028199,0.301725373990346,0.332026955981456
451,0.364374403056351,0.301050620821394,0.334574976122254
452,0.361579498904449,0.300371534724207,0.338048966371344
453,0.361298019565736,0.299021713194942,0.339680267239322
454,0.360615031993124,0.297727055677586,0.34165791232929
455,0.360028619127117,0.297400429286907,0.342570951585977
456,0.358348431391246,0.295794793553924,0.34585677505483
457,0.358387590961318,0.294475296821141,0.347137112217541
458,0.356451767410672,0.294041574863493,0.349506657725836
459,0.353653864572359,0.295182453787951,0.35116368163969
460,0.352725016703255,0.29521809678343,0.352056886513315
461,0.350872162485066,0.294480286738351,0.354647550776583
462,0.348775930628084,0.293968284386528,0.357255784985388
463,0.345592108413542,0.29454580280611,0.359862088780348
464,0.342683452204299,0.294576611938155,0.362739935857546
465,0.339475447496889,0.296257298746052,0.364267253757059
466,0.338252853799494,0.296030949992836,0.365716196207671
467,0.333922852636107,0.297261125185221,0.368816022178672
468,0.330156601695321,0.297974234950433,0.371869163354245
469,0.328396836808052,0.298058950395399,0.373544212796549
470,0.32561595244943,0.299971239574346,0.374412807976225
471,0.323567366056493,0.299813602255891,0.376619031687617
472,0.319528893570163,0.301527265763394,0.378943840666443
473,0.318919695446057,0.301393477948571,0.379686826605373
474,0.316963645917929,0.300673577604739,0.382362776477332
475,0.314863382766678,0.302656048829336,0.382480568403986
476,0.312571756601607,0.303434749330272,0.383993494068121
477,0.309999520866274,0.305160270231422,0.384840208902305
478,0.307710739445057,0.306081372502037,0.386207888052907
479,0.305544896392939,0.308470836531082,0.385984267075978
480,0.303945982185614,0.309692558184082,0.386361459630304
481,0.300354202565575,0.312081179398813,0.387564618035612
482,0.299644367550942,0.314926951172626,0.385428681276432
483,0.296623601171894,0.317756111618078,0.385620287210028
484,0.297132719601074,0.318229766014576,0.38463751438435
485,0.293780962916647,0.32158145351354,0.384637583569814
486,0.293581960104076,0.322781150621567,0.383636889274357
487,0.292938518482911,0.32384752199202,0.383213959525068
488,0.291354106558954,0.32713021734949,0.381515676091556
489,0.29068478627536,0.327598669943617,0.381716543781023
490,0.289785308558775,0.328487532492539,0.381727158948686
491,0.288341781317886,0.33323678493845,0.378421433743664
492,0.290074131125445,0.334889766053721,0.375036102820834
493,0.28888140809849,0.338847744541695,0.372270847359815
494,0.288048440578596,0.340621846316498,0.371329713104907
495,0.28797620190001,0.341905767200844,0.370118030899146
496,0.287860605769692,0.345893534296549,0.366245859933759
497,0.286777772441285,0.347965995869555,0.36525623168916
498,0.284665226781857,0.351187904967603,0.36414686825054
499,0.283965434469515,0.353480556889102,0.362554008641383
500,0.283081512847657,0.358338947165817,0.358579539986527
501,0.284329253659707,0.36193904487641,0.353731701463883
502,0.283941151099823,0.365984568936598,0.350074279963579
503,0.286619312727971,0.368736801689384,0.344643885582645
504,0.285755313038484,0.373157189354777,0.341087497606739
505,0.286057345948802,0.374861918255607,0.339080735795591
506,0.288212124123355,0.378230377557883,0.333557498318763
507,0.289607279693487,0.381273946360153,0.32911877394636
508,0.29116051279589,0.383780669323474,0.325058817880636
509,0.292018326501085,0.385869303110682,0.322112370388232
510,0.291704824793946,0.390514291222827,0.317780883983227
511,0.29258758807065,0.392819225943442,0.314593185985909
512,0.293978691606807,0.395989008340163,0.31003230005303
513,0.295486362539223,0.39705527395607,0.307458363504707
514,0.297365119196989,0.398658430653412,0.303976450149599
515,0.300529100529101,0.399230399230399,0.3002405002405
516,0.302305392109578,0.400983891193209,0.296710716697212
517,0.302521818795506,0.403491007280968,0.293987173923526
518,0.3028508138303,0.405807570066455,0.291341616103246
519,0.305213315939508,0.405759288785814,0.289027395274677
520,0.307124239791486,0.406747755574862,0.286128004633652
521,0.308747773337827,0.40662462086563,0.284627605796543
522,0.312234863092943,0.406141534901658,0.281623602005399
523,0.316925443445657,0.403691775224727,0.279382781329616
524,0.32084917922303,0.403311991527464,0.275838829249507
525,0.323295591423753,0.404336304504939,0.272368104071308
526,0.325647443920285,0.404303456243381,0.270049099836334
527,0.329410069177556,0.40315142198309,0.267438508839354
528,0.33232221098753,0.400356300255188,0.267321488757283
529,0.335286771063503,0.397828801998271,0.266884426938227
530,0.339167545794572,0.394456698954637,0.266375755250791
531,0.342549923195084,0.392377112135177,0.265072964669739
532,0.345352410217016,0.389283656616094,0.265363933166891
533,0.34881825590872,0.385397190661106,0.265784553430174
534,0.350578298219513,0.383068579929932,0.266353121850554
535,0.35541995002883,0.378964059196617,0.265615990774553
536,0.358710298363811,0.374542829643888,0.2667468719923
537,0.36255421686747,0.370602409638554,0.266843373493976
538,0.36376377343901,0.36820993620723,0.26802629035376
539,0.366288570604633,0.36402960684418,0.269681822551187
540,0.3690550763745,0.360670746398111,0.270274177227389
541,0.37114691031498,0.357153161817745,0.271699927867276
542,0.375647171620326,0.352636625119847,0.271716203259827
543,0.379632737210529,0.347461283981397,0.272905978808074
544,0.382008952206767,0.343601097367281,0.274389950425952
545,0.383778056063963,0.340236971390039,0.275984972545998
546,0.386170059188682,0.336316827871613,0.277513112939705
547,0.388188900644417,0.333702029431567,0.278109069924017
548,0.388627413312842,0.332676976275094,0.278695610412064
549,0.389554176886452,0.327946905208484,0.282498917905064
550,0.390815099783602,0.323443135369079,0.285741764847319
551,0.394855986899143,0.318851748386475,0.286292264714382
552,0.395466358648571,0.315333525844643,0.289200115506786
553,0.396585717720606,0.309930271699928,0.293484010579466
554,0.396741734547197,0.308241494968855,0.295016770483948
555,0.396927078316155,0.304835757634139,0.298237164049706
556,0.397321643624452,0.299773592176887,0.302904764198661
557,0.39632761536603,0.296931625996618,0.306740758637352
558,0.396846127799545,0.293861558554636,0.309292313645818
559,0.398168338421282,0.289189320153123,0.312642341425595
560,0.397950799864675,0.286066405683631,0.315982794451694
561,0.4,0.281975188518609,0.318024811481391
562,0.398919602881059,0.280465252092661,0.32061514502628
563,0.397864077669903,0.279757281553398,0.322378640776699
564,0.397030373379764,0.275972141613465,0.326997485006771
565,0.397530506921333,0.270920754352964,0.331548738725703
566,0.396540895695444,0.268708633267308,0.334750471037248
567,0.393768115942029,0.267536231884058,0.338695652173913
568,0.392140830166899,0.2653071040354,0.342552065797701
569,0.390060313630881,0.263112183353438,0.346827503015682
570,0.38545331855208,0.262833180700824,0.351713500747096
571,0.383141391657795,0.261201974257234,0.355656634084971
572,0.380337540500024,0.260747618356787,0.358914841143189
573,0.37691936262675,0.261757605021729,0.361323032351521
574,0.374975929135375,0.26054303870595,0.364481032158675
575,0.371505687295161,0.261422787738577,0.367071524966262
576,0.367735422775561,0.261548815074749,0.37071576214969
577,0.363688871775125,0.263380824027724,0.372930304197151
578,0.358289795331448,0.264199779513972,0.37751042515458
579,0.353147525228256,0.264440172993753,0.382412301777991
580,0.347116588042746,0.265764898430731,0.387118513526524
581,0.34348161729229,0.265367171668436,0.391151211039274
582,0.339749759384023,0.266265640038499,0.393984600577478
583,0.336947136141226,0.268684639739039,0.394368224119735
584,0.334179640718563,0.270131736526946,0.395688622754491
585,0.330877427997321,0.270165534398622,0.398957037604057
586,0.327476958525346,0.271217357910906,0.401305683563748
587,0.322203512148184,0.273755111859514,0.404041375992302
588,0.31821243024822,0.273715605156821,0.408071964594959
589,0.314261028176451,0.277204435270964,0.408534536552585
590,0.312335455459289,0.278349528505098,0.409315016035613
591,0.309087419633433,0.281211016217254,0.409701564149314
592,0.305890259709087,0.283615764965676,0.410493975325236
593,0.301277126944498,0.287065488765124,0.411657384290378
594,0.298134256587805,0.289863435276015,0.41200230813618
595,0.294564694564695,0.292352092352092,0.413083213083213
596,0.290110101447185,0.294581470262993,0.415308428289822
597,0.287860605769692,0.296740747851966,0.415398646378342
598,0.286172555778991,0.299626544096524,0.414200900124485
599,0.282171581769437,0.302613941018767,0.415214477211796
600,0.278967495219885,0.305544933078394,0.415487571701721
601,0.275754671777671,0.308912314326785,0.415333013895544
602,0.272115384615385,0.311875,0.416009615384615
603,0.269944830894699,0.31479971216119,0.415255456944111
604,0.26531889290012,0.317015643802647,0.417665463297232
605,0.264246456465143,0.318194966734163,0.417558576800694
606,0.263456635720814,0.320602241570061,0.415941122709125
607,0.261761737709645,0.323177471286463,0.415060791003893
608,0.261202971483345,0.327534148094896,0.411262880421759
609,0.260171974828265,0.329346207426622,0.410481817745112
610,0.259774526265291,0.33125449748141,0.408970976253298
611,0.25761799480919,0.334422762664616,0.407959242526194
612,0.255064634381632,0.338655218985144,0.406280146633224
613,0.253449107573565,0.340762180414858,0.405788712011577
614,0.252927625263966,0.345507775004799,0.401564599731234
615,0.253643336529243,0.347938638542665,0.398418024928092
616,0.255183029486748,0.350570012987638,0.394246957525615
617,0.256572939197308,0.353664984378755,0.389762076423937
618,0.258815028901734,0.353805394990366,0.3873795761079
619,0.259561399299391,0.35683094198378,0.383607658716829
620,0.262618031922542,0.359967406413268,0.37741456166419
621,0.26243040890766,0.363937416010751,0.37363217508159
622,0.262925022844226,0.366469484922811,0.370605492232963
623,0.264524817237399,0.36879569065025,0.366679492112351
624,0.266477981387316,0.372973232274777,0.360548786337907
625,0.268358323721646,0.374279123414071,0.357362552864283
626,0.271545498314877,0.376215695714974,0.352238805970149
627,0.274085102295649,0.379262318701374,0.346652579002978
628,0.27514367816092,0.381752873563218,0.343103448275862
629,0.278863658139312,0.38291654690045,0.338219794960238
630,0.281318786486745,0.387118384534405,0.33156282897885
631,0.283836742496655,0.390604090995985,0.32555916650736
632,0.287239134596975,0.39364349990427,0.319117365498756
633,0.290361157617795,0.395120784501315,0.31451805788089
634,0.29011547122802,0.399166307316372,0.310718221455608
635,0.292924935289042,0.399961652765794,0.307113411945163
636,0.29501530807501,0.403176425564485,0.301808266360505
637,0.297742847558346,0.40326831839747,0.298988834044185
638,0.301751859851212,0.404175665946724,0.294072474202064
639,0.305269737474757,0.405231272237715,0.289498990287528
640,0.309749410802751,0.405896782261555,0.284353806935693
641,0.312842449293473,0.407334422762665,0.279823127943862
642,0.316330924924638,0.407818555911766,0.275850519163596
643,0.318179643010959,0.410250275159114,0.271570081829928
644,0.319558042760798,0.412015114554934,0.268426842684268
645,0.32359001389621,0.41204657626144,0.26436340984235
646,0.325735082846471,0.414663346422756,0.259601570730773
647,0.329370025889347,0.412743311918688,0.257886662191965
